covid_vacc_date,Black,Mixed,Other,South Asian,Unknown,White,Black_total,Mixed_total,Other_total,South Asian_total,Unknown_total,White_total
2020-12-01,0.0,0.0,0.0,0.0,0.0,0.0,110152,81781,149583,326396,491505,2342550
2020-12-02,0.0,0.0,0.0,0.0,0.0,7.0,110152,81781,149583,326396,491505,2342550
2020-12-03,0.0,0.0,0.0,0.0,0.0,7.0,110152,81781,149583,326396,491505,2342550
2020-12-04,0.0,0.0,0.0,0.0,0.0,14.0,110152,81781,149583,326396,491505,2342550
2020-12-05,0.0,0.0,0.0,0.0,0.0,14.0,110152,81781,149583,326396,491505,2342550
2020-12-07,0.0,0.0,7.0,0.0,0.0,21.0,110152,81781,149583,326396,491505,2342550
2020-12-08,0.0,7.0,7.0,14.0,7.0,112.0,110152,81781,149583,326396,491505,2342550
2020-12-09,0.0,14.0,14.0,28.0,28.0,315.0,110152,81781,149583,326396,491505,2342550
2020-12-10,0.0,21.0,21.0,42.0,49.0,532.0,110152,81781,149583,326396,491505,2342550
2020-12-11,7.0,28.0,28.0,63.0,70.0,742.0,110152,81781,149583,326396,491505,2342550
2020-12-12,14.0,28.0,35.0,77.0,98.0,980.0,110152,81781,149583,326396,491505,2342550
2020-12-13,14.0,28.0,42.0,91.0,119.0,1169.0,110152,81781,149583,326396,491505,2342550
2020-12-14,21.0,35.0,49.0,119.0,147.0,1379.0,110152,81781,149583,326396,491505,2342550
2020-12-15,21.0,49.0,63.0,154.0,175.0,1729.0,110152,81781,149583,326396,491505,2342550
2020-12-16,28.0,63.0,70.0,203.0,231.0,2212.0,110152,81781,149583,326396,491505,2342550
2020-12-17,28.0,77.0,84.0,259.0,280.0,2765.0,110152,81781,149583,326396,491505,2342550
2020-12-18,35.0,91.0,105.0,301.0,350.0,3262.0,110152,81781,149583,326396,491505,2342550
2020-12-19,42.0,98.0,119.0,350.0,399.0,3703.0,110152,81781,149583,326396,491505,2342550
2020-12-20,42.0,112.0,126.0,406.0,469.0,4214.0,110152,81781,149583,326396,491505,2342550
2020-12-21,49.0,119.0,154.0,476.0,539.0,4914.0,110152,81781,149583,326396,491505,2342550
2020-12-22,63.0,133.0,175.0,546.0,609.0,5530.0,110152,81781,149583,326396,491505,2342550
2020-12-23,70.0,147.0,210.0,665.0,700.0,6419.0,110152,81781,149583,326396,491505,2342550
2020-12-24,70.0,161.0,231.0,714.0,742.0,6811.0,110152,81781,149583,326396,491505,2342550
2020-12-25,70.0,161.0,238.0,714.0,742.0,6811.0,110152,81781,149583,326396,491505,2342550
2020-12-26,77.0,161.0,238.0,728.0,749.0,6839.0,110152,81781,149583,326396,491505,2342550
2020-12-27,77.0,161.0,245.0,749.0,756.0,6965.0,110152,81781,149583,326396,491505,2342550
2020-12-28,84.0,168.0,259.0,784.0,791.0,7203.0,110152,81781,149583,326396,491505,2342550
2020-12-29,91.0,175.0,287.0,861.0,847.0,7833.0,110152,81781,149583,326396,491505,2342550
2020-12-30,112.0,196.0,336.0,1036.0,1015.0,9247.0,110152,81781,149583,326396,491505,2342550
2020-12-31,133.0,231.0,385.0,1211.0,1162.0,10661.0,110152,81781,149583,326396,491505,2342550
2021-01-01,133.0,245.0,406.0,1274.0,1218.0,11011.0,110152,81781,149583,326396,491505,2342550
2021-01-02,140.0,259.0,434.0,1351.0,1260.0,11501.0,110152,81781,149583,326396,491505,2342550
2021-01-03,147.0,266.0,462.0,1400.0,1309.0,11970.0,110152,81781,149583,326396,491505,2342550
2021-01-04,154.0,280.0,504.0,1505.0,1379.0,12789.0,110152,81781,149583,326396,491505,2342550
2021-01-05,175.0,308.0,581.0,1687.0,1512.0,14154.0,110152,81781,149583,326396,491505,2342550
2021-01-06,203.0,336.0,658.0,1918.0,1736.0,16030.0,110152,81781,149583,326396,491505,2342550
2021-01-07,238.0,385.0,756.0,2191.0,2051.0,18851.0,110152,81781,149583,326396,491505,2342550
2021-01-08,294.0,455.0,847.0,2555.0,2338.0,22092.0,110152,81781,149583,326396,491505,2342550
2021-01-09,336.0,511.0,924.0,2814.0,2646.0,24941.0,110152,81781,149583,326396,491505,2342550
2021-01-10,350.0,553.0,980.0,3038.0,2870.0,26824.0,110152,81781,149583,326396,491505,2342550
2021-01-11,406.0,602.0,1064.0,3332.0,3178.0,29729.0,110152,81781,149583,326396,491505,2342550
2021-01-12,462.0,665.0,1176.0,3661.0,3549.0,33278.0,110152,81781,149583,326396,491505,2342550
2021-01-13,518.0,742.0,1309.0,4046.0,3969.0,37317.0,110152,81781,149583,326396,491505,2342550
2021-01-14,602.0,840.0,1421.0,4487.0,4459.0,41664.0,110152,81781,149583,326396,491505,2342550
2021-01-15,700.0,938.0,1561.0,4977.0,5012.0,46536.0,110152,81781,149583,326396,491505,2342550
2021-01-16,763.0,1022.0,1687.0,5404.0,5509.0,50855.0,110152,81781,149583,326396,491505,2342550
2021-01-17,819.0,1078.0,1771.0,5691.0,5894.0,53921.0,110152,81781,149583,326396,491505,2342550
2021-01-18,903.0,1190.0,1911.0,6069.0,6335.0,57757.0,110152,81781,149583,326396,491505,2342550
2021-01-19,966.0,1288.0,2030.0,6482.0,6797.0,61978.0,110152,81781,149583,326396,491505,2342550
2021-01-20,1057.0,1407.0,2177.0,7014.0,7364.0,66696.0,110152,81781,149583,326396,491505,2342550
2021-01-21,1162.0,1526.0,2310.0,7539.0,7973.0,71610.0,110152,81781,149583,326396,491505,2342550
2021-01-22,1267.0,1631.0,2436.0,8078.0,8659.0,77371.0,110152,81781,149583,326396,491505,2342550
2021-01-23,1337.0,1722.0,2534.0,8512.0,9240.0,82089.0,110152,81781,149583,326396,491505,2342550
2021-01-24,1393.0,1785.0,2590.0,8757.0,9597.0,84819.0,110152,81781,149583,326396,491505,2342550
2021-01-25,1463.0,1869.0,2667.0,9079.0,9996.0,88095.0,110152,81781,149583,326396,491505,2342550
2021-01-26,1540.0,1960.0,2772.0,9464.0,10451.0,91854.0,110152,81781,149583,326396,491505,2342550
2021-01-27,1624.0,2051.0,2870.0,9835.0,10871.0,95473.0,110152,81781,149583,326396,491505,2342550
2021-01-28,1708.0,2135.0,2968.0,10206.0,11319.0,99120.0,110152,81781,149583,326396,491505,2342550
2021-01-29,1792.0,2233.0,3073.0,10577.0,11795.0,102914.0,110152,81781,149583,326396,491505,2342550
2021-01-30,1855.0,2310.0,3136.0,10913.0,12187.0,106029.0,110152,81781,149583,326396,491505,2342550
2021-01-31,1890.0,2359.0,3199.0,11179.0,12495.0,108367.0,110152,81781,149583,326396,491505,2342550
2021-02-01,1953.0,2408.0,3262.0,11396.0,12747.0,110572.0,110152,81781,149583,326396,491505,2342550
2021-02-02,2009.0,2457.0,3339.0,11648.0,13027.0,112882.0,110152,81781,149583,326396,491505,2342550
2021-02-03,2086.0,2520.0,3416.0,11921.0,13349.0,115437.0,110152,81781,149583,326396,491505,2342550
2021-02-04,2163.0,2583.0,3500.0,12236.0,13706.0,118139.0,110152,81781,149583,326396,491505,2342550
2021-02-05,2247.0,2639.0,3577.0,12516.0,14035.0,120694.0,110152,81781,149583,326396,491505,2342550
2021-02-06,2303.0,2695.0,3640.0,12789.0,14336.0,123053.0,110152,81781,149583,326396,491505,2342550
2021-02-07,2345.0,2723.0,3682.0,12943.0,14504.0,124418.0,110152,81781,149583,326396,491505,2342550
2021-02-08,2394.0,2765.0,3738.0,13118.0,14707.0,125888.0,110152,81781,149583,326396,491505,2342550
2021-02-09,2457.0,2814.0,3794.0,13356.0,14945.0,127715.0,110152,81781,149583,326396,491505,2342550
2021-02-10,2548.0,2877.0,3878.0,13622.0,15190.0,129731.0,110152,81781,149583,326396,491505,2342550
2021-02-11,2639.0,2947.0,3955.0,13902.0,15498.0,132160.0,110152,81781,149583,326396,491505,2342550
2021-02-12,2716.0,3017.0,4018.0,14161.0,15799.0,134974.0,110152,81781,149583,326396,491505,2342550
2021-02-13,2814.0,3094.0,4088.0,14476.0,16184.0,138327.0,110152,81781,149583,326396,491505,2342550
2021-02-14,2842.0,3136.0,4130.0,14651.0,16401.0,139993.0,110152,81781,149583,326396,491505,2342550
2021-02-15,2891.0,3185.0,4186.0,14896.0,16660.0,142058.0,110152,81781,149583,326396,491505,2342550
2021-02-16,2968.0,3255.0,4284.0,15260.0,16947.0,145131.0,110152,81781,149583,326396,491505,2342550
2021-02-17,3073.0,3367.0,4375.0,15659.0,17388.0,149828.0,110152,81781,149583,326396,491505,2342550
2021-02-18,3171.0,3486.0,4466.0,16093.0,17885.0,154588.0,110152,81781,149583,326396,491505,2342550
2021-02-19,3248.0,3577.0,4578.0,16548.0,18347.0,158886.0,110152,81781,149583,326396,491505,2342550
2021-02-20,3318.0,3654.0,4676.0,16919.0,18851.0,163394.0,110152,81781,149583,326396,491505,2342550
2021-02-21,3367.0,3696.0,4711.0,17129.0,19061.0,165179.0,110152,81781,149583,326396,491505,2342550
2021-02-22,3437.0,3759.0,4781.0,17416.0,19306.0,167321.0,110152,81781,149583,326396,491505,2342550
2021-02-23,3535.0,3857.0,4886.0,17808.0,19775.0,172011.0,110152,81781,149583,326396,491505,2342550
2021-02-24,3640.0,3983.0,5019.0,18347.0,20314.0,178353.0,110152,81781,149583,326396,491505,2342550
2021-02-25,3773.0,4144.0,5145.0,19012.0,20986.0,185500.0,110152,81781,149583,326396,491505,2342550
2021-02-26,3913.0,4319.0,5285.0,19628.0,21693.0,192990.0,110152,81781,149583,326396,491505,2342550
2021-02-27,4032.0,4466.0,5411.0,20230.0,22344.0,199766.0,110152,81781,149583,326396,491505,2342550
2021-02-28,4095.0,4522.0,5474.0,20475.0,22666.0,202349.0,110152,81781,149583,326396,491505,2342550
2021-03-01,4151.0,4571.0,5530.0,20713.0,22904.0,204491.0,110152,81781,149583,326396,491505,2342550
2021-03-02,4207.0,4627.0,5600.0,20944.0,23149.0,206689.0,110152,81781,149583,326396,491505,2342550
2021-03-03,4319.0,4718.0,5698.0,21378.0,23513.0,210784.0,110152,81781,149583,326396,491505,2342550
2021-03-04,4410.0,4830.0,5796.0,21819.0,24038.0,216020.0,110152,81781,149583,326396,491505,2342550
2021-03-05,4515.0,4949.0,5915.0,22365.0,24668.0,222474.0,110152,81781,149583,326396,491505,2342550
2021-03-06,4627.0,5075.0,6013.0,22897.0,25298.0,229180.0,110152,81781,149583,326396,491505,2342550
2021-03-07,4683.0,5117.0,6062.0,23114.0,25508.0,231091.0,110152,81781,149583,326396,491505,2342550
2021-03-08,4746.0,5166.0,6118.0,23338.0,25725.0,233114.0,110152,81781,149583,326396,491505,2342550
2021-03-09,4809.0,5229.0,6181.0,23625.0,25991.0,235494.0,110152,81781,149583,326396,491505,2342550
2021-03-10,4900.0,5320.0,6265.0,23940.0,26327.0,238651.0,110152,81781,149583,326396,491505,2342550
2021-03-11,4970.0,5390.0,6356.0,24276.0,26677.0,241654.0,110152,81781,149583,326396,491505,2342550
2021-03-12,5061.0,5537.0,6482.0,24752.0,27244.0,247429.0,110152,81781,149583,326396,491505,2342550
2021-03-13,5173.0,5726.0,6629.0,25361.0,28070.0,255717.0,110152,81781,149583,326396,491505,2342550
2021-03-14,5236.0,5796.0,6706.0,25676.0,28476.0,259273.0,110152,81781,149583,326396,491505,2342550
2021-03-15,5320.0,5901.0,6797.0,26040.0,28973.0,263739.0,110152,81781,149583,326396,491505,2342550
2021-03-16,5425.0,6013.0,6944.0,26481.0,29547.0,269234.0,110152,81781,149583,326396,491505,2342550
2021-03-17,5558.0,6160.0,7084.0,27167.0,30177.0,274806.0,110152,81781,149583,326396,491505,2342550
2021-03-18,5691.0,6321.0,7252.0,27790.0,30842.0,280952.0,110152,81781,149583,326396,491505,2342550
2021-03-19,5845.0,6475.0,7441.0,28490.0,31584.0,287392.0,110152,81781,149583,326396,491505,2342550
2021-03-20,6013.0,6664.0,7623.0,29323.0,32662.0,296842.0,110152,81781,149583,326396,491505,2342550
2021-03-21,6104.0,6769.0,7714.0,29841.0,33278.0,301455.0,110152,81781,149583,326396,491505,2342550
2021-03-22,6209.0,6874.0,7826.0,30289.0,33838.0,305746.0,110152,81781,149583,326396,491505,2342550
2021-03-23,6342.0,6993.0,7959.0,30814.0,34503.0,310653.0,110152,81781,149583,326396,491505,2342550
2021-03-24,6496.0,7140.0,8113.0,31493.0,35189.0,316323.0,110152,81781,149583,326396,491505,2342550
2021-03-25,6678.0,7315.0,8267.0,32242.0,35966.0,322637.0,110152,81781,149583,326396,491505,2342550
2021-03-26,6846.0,7469.0,8484.0,33180.0,36960.0,329336.0,110152,81781,149583,326396,491505,2342550
2021-03-27,7035.0,7700.0,8715.0,34244.0,38276.0,339087.0,110152,81781,149583,326396,491505,2342550
2021-03-28,7147.0,7819.0,8855.0,35049.0,39046.0,344022.0,110152,81781,149583,326396,491505,2342550
2021-03-29,7245.0,7938.0,8995.0,35693.0,39725.0,348586.0,110152,81781,149583,326396,491505,2342550
2021-03-30,7364.0,8050.0,9149.0,36414.0,40488.0,353612.0,110152,81781,149583,326396,491505,2342550
2021-03-31,7511.0,8204.0,9331.0,37219.0,41279.0,359282.0,110152,81781,149583,326396,491505,2342550
2021-04-01,7616.0,8302.0,9450.0,37779.0,41909.0,363321.0,110152,81781,149583,326396,491505,2342550
2021-04-02,7686.0,8379.0,9520.0,38038.0,42280.0,366023.0,110152,81781,149583,326396,491505,2342550
2021-04-03,7749.0,8442.0,9590.0,38360.0,42728.0,368858.0,110152,81781,149583,326396,491505,2342550
2021-04-04,7763.0,8484.0,9632.0,38528.0,42938.0,370328.0,110152,81781,149583,326396,491505,2342550
2021-04-05,7777.0,8498.0,9674.0,38612.0,43036.0,371007.0,110152,81781,149583,326396,491505,2342550
2021-04-06,7840.0,8533.0,9751.0,38836.0,43246.0,372260.0,110152,81781,149583,326396,491505,2342550
2021-04-07,7910.0,8575.0,9842.0,39151.0,43491.0,373877.0,110152,81781,149583,326396,491505,2342550
2021-04-08,7945.0,8610.0,9884.0,39347.0,43673.0,375088.0,110152,81781,149583,326396,491505,2342550
2021-04-09,7973.0,8645.0,9947.0,39543.0,43890.0,376131.0,110152,81781,149583,326396,491505,2342550
2021-04-10,8001.0,8673.0,9989.0,39683.0,44065.0,377412.0,110152,81781,149583,326396,491505,2342550
2021-04-11,8008.0,8687.0,10024.0,39739.0,44198.0,378056.0,110152,81781,149583,326396,491505,2342550
2021-04-12,8029.0,8708.0,10052.0,39788.0,44282.0,378546.0,110152,81781,149583,326396,491505,2342550
2021-04-13,8050.0,8722.0,10080.0,39844.0,44345.0,378980.0,110152,81781,149583,326396,491505,2342550
2021-04-14,8085.0,8757.0,10115.0,39942.0,44499.0,380030.0,110152,81781,149583,326396,491505,2342550
2021-04-15,8106.0,8778.0,10164.0,40012.0,44639.0,380800.0,110152,81781,149583,326396,491505,2342550
2021-04-16,8134.0,8806.0,10227.0,40117.0,44814.0,381899.0,110152,81781,149583,326396,491505,2342550
2021-04-17,8162.0,8848.0,10276.0,40264.0,45038.0,382998.0,110152,81781,149583,326396,491505,2342550
2021-04-18,8176.0,8869.0,10304.0,40334.0,45178.0,383761.0,110152,81781,149583,326396,491505,2342550
2021-04-19,8190.0,8883.0,10346.0,40383.0,45241.0,384223.0,110152,81781,149583,326396,491505,2342550
2021-04-20,8211.0,8897.0,10395.0,40481.0,45318.0,384692.0,110152,81781,149583,326396,491505,2342550
2021-04-21,8239.0,8925.0,10458.0,40579.0,45409.0,385371.0,110152,81781,149583,326396,491505,2342550
2021-04-22,8267.0,8953.0,10521.0,40670.0,45598.0,386526.0,110152,81781,149583,326396,491505,2342550
2021-04-23,8302.0,8967.0,10577.0,40775.0,45780.0,387471.0,110152,81781,149583,326396,491505,2342550
2021-04-24,8323.0,8995.0,10626.0,40873.0,45997.0,388724.0,110152,81781,149583,326396,491505,2342550
2021-04-25,8337.0,9016.0,10668.0,40929.0,46137.0,389417.0,110152,81781,149583,326396,491505,2342550
2021-04-26,8358.0,9051.0,10717.0,41013.0,46214.0,389858.0,110152,81781,149583,326396,491505,2342550
2021-04-27,8379.0,9072.0,10773.0,41125.0,46312.0,390509.0,110152,81781,149583,326396,491505,2342550
2021-04-28,8400.0,9100.0,10829.0,41265.0,46459.0,391377.0,110152,81781,149583,326396,491505,2342550
2021-04-29,8428.0,9121.0,10878.0,41391.0,46627.0,392329.0,110152,81781,149583,326396,491505,2342550
2021-04-30,8456.0,9142.0,10927.0,41468.0,46795.0,393372.0,110152,81781,149583,326396,491505,2342550
2021-05-01,8470.0,9163.0,10969.0,41552.0,46914.0,393981.0,110152,81781,149583,326396,491505,2342550
2021-05-02,8470.0,9177.0,10990.0,41608.0,46970.0,394429.0,110152,81781,149583,326396,491505,2342550
2021-05-03,8477.0,9177.0,11011.0,41643.0,47005.0,394576.0,110152,81781,149583,326396,491505,2342550
2021-05-04,8498.0,9191.0,11032.0,41699.0,47075.0,394898.0,110152,81781,149583,326396,491505,2342550
2021-05-05,8519.0,9212.0,11067.0,41923.0,47166.0,395507.0,110152,81781,149583,326396,491505,2342550
2021-05-06,8561.0,9240.0,11130.0,42203.0,47369.0,396711.0,110152,81781,149583,326396,491505,2342550
2021-05-07,8596.0,9282.0,11200.0,42364.0,47670.0,398160.0,110152,81781,149583,326396,491505,2342550
2021-05-08,8617.0,9310.0,11256.0,42490.0,47845.0,399189.0,110152,81781,149583,326396,491505,2342550
2021-05-09,8631.0,9317.0,11284.0,42553.0,47936.0,399630.0,110152,81781,149583,326396,491505,2342550
2021-05-10,8652.0,9338.0,11333.0,42840.0,48048.0,400190.0,110152,81781,149583,326396,491505,2342550
2021-05-11,8701.0,9387.0,11410.0,43337.0,48342.0,402255.0,110152,81781,149583,326396,491505,2342550
2021-05-12,8764.0,9478.0,11564.0,43778.0,49210.0,406679.0,110152,81781,149583,326396,491505,2342550
2021-05-13,8834.0,9597.0,11739.0,44275.0,50099.0,412566.0,110152,81781,149583,326396,491505,2342550
2021-05-14,8918.0,9716.0,12005.0,44842.0,50883.0,417151.0,110152,81781,149583,326396,491505,2342550
2021-05-15,9016.0,9821.0,12173.0,45437.0,51674.0,421715.0,110152,81781,149583,326396,491505,2342550
2021-05-16,9072.0,9898.0,12292.0,45745.0,52206.0,424494.0,110152,81781,149583,326396,491505,2342550
2021-05-17,9093.0,9940.0,12383.0,45997.0,52493.0,426090.0,110152,81781,149583,326396,491505,2342550
2021-05-18,9191.0,10052.0,12649.0,46704.0,53249.0,430815.0,110152,81781,149583,326396,491505,2342550
2021-05-19,9303.0,10227.0,12880.0,47642.0,54698.0,438921.0,110152,81781,149583,326396,491505,2342550
2021-05-20,9436.0,10381.0,13146.0,48503.0,55923.0,446565.0,110152,81781,149583,326396,491505,2342550
2021-05-21,9520.0,10486.0,13307.0,49014.0,56777.0,451122.0,110152,81781,149583,326396,491505,2342550
2021-05-22,9590.0,10556.0,13489.0,49427.0,57351.0,454461.0,110152,81781,149583,326396,491505,2342550
2021-05-23,9639.0,10612.0,13622.0,49770.0,57610.0,456071.0,110152,81781,149583,326396,491505,2342550
2021-05-24,9667.0,10647.0,13706.0,50001.0,57876.0,457100.0,110152,81781,149583,326396,491505,2342550
2021-05-25,9737.0,10731.0,13881.0,50610.0,58737.0,461916.0,110152,81781,149583,326396,491505,2342550
2021-05-26,9863.0,10906.0,14112.0,51548.0,60025.0,470197.0,110152,81781,149583,326396,491505,2342550
2021-05-27,9975.0,11053.0,14434.0,52738.0,61173.0,476581.0,110152,81781,149583,326396,491505,2342550
2021-05-28,10115.0,11172.0,14700.0,53557.0,61817.0,480298.0,110152,81781,149583,326396,491505,2342550
2021-05-29,10192.0,11263.0,14903.0,54369.0,62461.0,483539.0,110152,81781,149583,326396,491505,2342550
2021-05-30,10262.0,11340.0,15050.0,54999.0,62888.0,485492.0,110152,81781,149583,326396,491505,2342550
2021-05-31,10332.0,11487.0,15372.0,56112.0,63581.0,488467.0,110152,81781,149583,326396,491505,2342550
2021-06-01,10395.0,11564.0,15526.0,56714.0,64036.0,490910.0,110152,81781,149583,326396,491505,2342550
2021-06-02,10514.0,11711.0,15743.0,57729.0,65170.0,496783.0,110152,81781,149583,326396,491505,2342550
2021-06-03,10626.0,11879.0,16135.0,59017.0,66346.0,503720.0,110152,81781,149583,326396,491505,2342550
2021-06-04,10773.0,12103.0,16492.0,60179.0,67704.0,511721.0,110152,81781,149583,326396,491505,2342550
2021-06-05,10962.0,12362.0,17059.0,62132.0,69608.0,523236.0,110152,81781,149583,326396,491505,2342550
2021-06-06,11067.0,12502.0,17325.0,63504.0,70707.0,528108.0,110152,81781,149583,326396,491505,2342550
2021-06-07,11151.0,12628.0,17507.0,64148.0,71519.0,532532.0,110152,81781,149583,326396,491505,2342550
2021-06-08,11249.0,12824.0,17878.0,64890.0,72723.0,539210.0,110152,81781,149583,326396,491505,2342550
2021-06-09,11480.0,13181.0,18522.0,66416.0,75579.0,556619.0,110152,81781,149583,326396,491505,2342550
2021-06-10,11739.0,13622.0,19292.0,68075.0,78757.0,574735.0,110152,81781,149583,326396,491505,2342550
2021-06-11,11998.0,14000.0,19971.0,69615.0,82019.0,593201.0,110152,81781,149583,326396,491505,2342550
2021-06-12,12425.0,14637.0,20916.0,72114.0,87598.0,625653.0,110152,81781,149583,326396,491505,2342550
2021-06-13,12684.0,15008.0,21560.0,73654.0,90776.0,644042.0,110152,81781,149583,326396,491505,2342550
2021-06-14,12908.0,15316.0,22036.0,74872.0,93310.0,658791.0,110152,81781,149583,326396,491505,2342550
2021-06-15,13216.0,15785.0,22729.0,76510.0,97440.0,681072.0,110152,81781,149583,326396,491505,2342550
2021-06-16,13650.0,16457.0,23737.0,78785.0,102921.0,711214.0,110152,81781,149583,326396,491505,2342550
2021-06-17,14189.0,17304.0,24871.0,81627.0,110229.0,749525.0,110152,81781,149583,326396,491505,2342550
2021-06-18,14805.0,18130.0,26299.0,84924.0,117222.0,784679.0,110152,81781,149583,326396,491505,2342550
2021-06-19,15638.0,19208.0,27944.0,89474.0,127309.0,832657.0,110152,81781,149583,326396,491505,2342550
2021-06-20,16072.0,19852.0,28938.0,92015.0,133868.0,862078.0,110152,81781,149583,326396,491505,2342550
2021-06-21,16429.0,20349.0,29659.0,93933.0,139286.0,886823.0,110152,81781,149583,326396,491505,2342550
2021-06-22,17031.0,21133.0,30758.0,96726.0,146272.0,918414.0,110152,81781,149583,326396,491505,2342550
2021-06-23,17717.0,21945.0,31955.0,99820.0,154196.0,954289.0,110152,81781,149583,326396,491505,2342550
2021-06-24,18564.0,22820.0,33208.0,103068.0,162344.0,991382.0,110152,81781,149583,326396,491505,2342550
2021-06-25,19299.0,23625.0,34370.0,106078.0,170023.0,1024128.0,110152,81781,149583,326396,491505,2342550
2021-06-26,20132.0,24514.0,35686.0,109963.0,179459.0,1064042.0,110152,81781,149583,326396,491505,2342550
2021-06-27,20650.0,25116.0,36575.0,112406.0,185255.0,1087989.0,110152,81781,149583,326396,491505,2342550
2021-06-28,21056.0,25620.0,37268.0,114359.0,189469.0,1105636.0,110152,81781,149583,326396,491505,2342550
2021-06-29,21553.0,26145.0,38045.0,116473.0,194530.0,1126391.0,110152,81781,149583,326396,491505,2342550
2021-06-30,22085.0,26705.0,38843.0,118601.0,199850.0,1148413.0,110152,81781,149583,326396,491505,2342550
2021-07-01,22638.0,27265.0,39683.0,120778.0,205457.0,1171793.0,110152,81781,149583,326396,491505,2342550
2021-07-02,23163.0,27727.0,40383.0,122661.0,209601.0,1189384.0,110152,81781,149583,326396,491505,2342550
2021-07-03,23793.0,28259.0,41160.0,125118.0,215425.0,1211805.0,110152,81781,149583,326396,491505,2342550
2021-07-04,24094.0,28553.0,41671.0,126308.0,218442.0,1223565.0,110152,81781,149583,326396,491505,2342550
2021-07-05,24381.0,28847.0,42175.0,127449.0,220892.0,1233897.0,110152,81781,149583,326396,491505,2342550
2021-07-06,24738.0,29218.0,42700.0,128982.0,224028.0,1246322.0,110152,81781,149583,326396,491505,2342550
2021-07-07,25186.0,29617.0,43260.0,130550.0,227192.0,1258901.0,110152,81781,149583,326396,491505,2342550
2021-07-08,25592.0,30002.0,43806.0,132230.0,230538.0,1272621.0,110152,81781,149583,326396,491505,2342550
2021-07-09,26075.0,30331.0,44296.0,133728.0,233569.0,1284220.0,110152,81781,149583,326396,491505,2342550
2021-07-10,26537.0,30667.0,44793.0,135401.0,236894.0,1296666.0,110152,81781,149583,326396,491505,2342550
2021-07-11,26740.0,30835.0,45031.0,136234.0,238308.0,1302175.0,110152,81781,149583,326396,491505,2342550
2021-07-12,26978.0,31010.0,45325.0,137151.0,239631.0,1307278.0,110152,81781,149583,326396,491505,2342550
2021-07-13,27265.0,31227.0,45647.0,138061.0,241276.0,1313550.0,110152,81781,149583,326396,491505,2342550
2021-07-14,27566.0,31507.0,46018.0,139111.0,243152.0,1321467.0,110152,81781,149583,326396,491505,2342550
2021-07-15,27846.0,31773.0,46375.0,140168.0,244993.0,1329055.0,110152,81781,149583,326396,491505,2342550
2021-07-16,28133.0,31976.0,46676.0,140994.0,246575.0,1335880.0,110152,81781,149583,326396,491505,2342550
2021-07-17,28483.0,32186.0,47047.0,142212.0,248885.0,1345085.0,110152,81781,149583,326396,491505,2342550
2021-07-18,28623.0,32298.0,47243.0,142751.0,249949.0,1349376.0,110152,81781,149583,326396,491505,2342550
2021-07-19,28798.0,32438.0,47453.0,143304.0,250922.0,1353590.0,110152,81781,149583,326396,491505,2342550
2021-07-20,28973.0,32599.0,47621.0,143724.0,251979.0,1358280.0,110152,81781,149583,326396,491505,2342550
2021-07-21,29176.0,32767.0,47859.0,144256.0,253302.0,1363796.0,110152,81781,149583,326396,491505,2342550
2021-07-22,29407.0,32949.0,48069.0,144844.0,254457.0,1369102.0,110152,81781,149583,326396,491505,2342550
2021-07-23,29617.0,33089.0,48307.0,145481.0,255528.0,1373883.0,110152,81781,149583,326396,491505,2342550
2021-07-24,29834.0,33250.0,48524.0,146237.0,256837.0,1379420.0,110152,81781,149583,326396,491505,2342550
2021-07-25,29960.0,33362.0,48685.0,146685.0,257579.0,1382661.0,110152,81781,149583,326396,491505,2342550
2021-07-26,30114.0,33481.0,48853.0,147182.0,258391.0,1385930.0,110152,81781,149583,326396,491505,2342550
2021-07-27,30289.0,33628.0,49042.0,147784.0,259259.0,1389493.0,110152,81781,149583,326396,491505,2342550
2021-07-28,30499.0,33761.0,49217.0,148365.0,260232.0,1393889.0,110152,81781,149583,326396,491505,2342550
2021-07-29,30695.0,33901.0,49413.0,149002.0,261254.0,1398278.0,110152,81781,149583,326396,491505,2342550
2021-07-30,30905.0,34020.0,49609.0,149562.0,262094.0,1402009.0,110152,81781,149583,326396,491505,2342550
2021-07-31,31108.0,34181.0,49812.0,150339.0,263193.0,1406839.0,110152,81781,149583,326396,491505,2342550
2021-08-01,31206.0,34286.0,49945.0,150780.0,263865.0,1409576.0,110152,81781,149583,326396,491505,2342550
2021-08-02,31402.0,34405.0,50106.0,151284.0,264474.0,1412264.0,110152,81781,149583,326396,491505,2342550
2021-08-03,31570.0,34517.0,50302.0,151949.0,265188.0,1415316.0,110152,81781,149583,326396,491505,2342550
2021-08-04,31787.0,34650.0,50484.0,152579.0,266028.0,1418984.0,110152,81781,149583,326396,491505,2342550
2021-08-05,31997.0,34790.0,50659.0,153146.0,266847.0,1422596.0,110152,81781,149583,326396,491505,2342550
2021-08-06,32207.0,34916.0,50820.0,153734.0,267582.0,1425697.0,110152,81781,149583,326396,491505,2342550
2021-08-07,32417.0,35063.0,51023.0,154525.0,268758.0,1430590.0,110152,81781,149583,326396,491505,2342550
2021-08-08,32529.0,35154.0,51156.0,154896.0,269486.0,1433341.0,110152,81781,149583,326396,491505,2342550
2021-08-09,32676.0,35231.0,51310.0,155442.0,270067.0,1435861.0,110152,81781,149583,326396,491505,2342550
2021-08-10,32830.0,35357.0,51478.0,155995.0,270816.0,1439095.0,110152,81781,149583,326396,491505,2342550
2021-08-11,33047.0,35504.0,51667.0,156576.0,271747.0,1443386.0,110152,81781,149583,326396,491505,2342550
2021-08-12,33243.0,35651.0,51856.0,157241.0,272755.0,1447985.0,110152,81781,149583,326396,491505,2342550
2021-08-13,33425.0,35777.0,52024.0,157787.0,273700.0,1451863.0,110152,81781,149583,326396,491505,2342550
2021-08-14,33600.0,35924.0,52206.0,158508.0,275009.0,1457064.0,110152,81781,149583,326396,491505,2342550
2021-08-15,33698.0,36029.0,52318.0,158963.0,275996.0,1460662.0,110152,81781,149583,326396,491505,2342550
2021-08-16,33859.0,36141.0,52493.0,159509.0,276906.0,1464281.0,110152,81781,149583,326396,491505,2342550
2021-08-17,34034.0,36302.0,52682.0,160027.0,277984.0,1468607.0,110152,81781,149583,326396,491505,2342550
2021-08-18,34209.0,36477.0,52850.0,160608.0,279356.0,1473899.0,110152,81781,149583,326396,491505,2342550
2021-08-19,34433.0,36652.0,53039.0,161273.0,280609.0,1479114.0,110152,81781,149583,326396,491505,2342550
2021-08-20,34685.0,36834.0,53284.0,162015.0,282191.0,1484945.0,110152,81781,149583,326396,491505,2342550
2021-08-21,34916.0,37058.0,53536.0,162855.0,284144.0,1492344.0,110152,81781,149583,326396,491505,2342550
2021-08-22,35049.0,37170.0,53669.0,163296.0,285194.0,1496075.0,110152,81781,149583,326396,491505,2342550
2021-08-23,35245.0,37310.0,53851.0,163898.0,286286.0,1499939.0,110152,81781,149583,326396,491505,2342550
2021-08-24,35476.0,37499.0,54068.0,164689.0,287749.0,1505224.0,110152,81781,149583,326396,491505,2342550
2021-08-25,35693.0,37695.0,54299.0,165417.0,289310.0,1511034.0,110152,81781,149583,326396,491505,2342550
2021-08-26,35959.0,37842.0,54495.0,166145.0,290584.0,1515745.0,110152,81781,149583,326396,491505,2342550
2021-08-27,36183.0,37982.0,54677.0,166747.0,291592.0,1519490.0,110152,81781,149583,326396,491505,2342550
2021-08-28,36337.0,38115.0,54852.0,167405.0,292649.0,1523417.0,110152,81781,149583,326396,491505,2342550
2021-08-29,36421.0,38185.0,54950.0,167797.0,293223.0,1525573.0,110152,81781,149583,326396,491505,2342550
2021-08-30,36505.0,38248.0,55013.0,168133.0,293678.0,1527246.0,110152,81781,149583,326396,491505,2342550
2021-08-31,36673.0,38374.0,55167.0,168735.0,294602.0,1530746.0,110152,81781,149583,326396,491505,2342550
2021-09-01,36890.0,38500.0,55321.0,169316.0,295512.0,1534386.0,110152,81781,149583,326396,491505,2342550
2021-09-02,37051.0,38633.0,55461.0,169841.0,296352.0,1537879.0,110152,81781,149583,326396,491505,2342550
2021-09-03,37275.0,38766.0,55622.0,170457.0,297122.0,1541071.0,110152,81781,149583,326396,491505,2342550
2021-09-04,37464.0,38892.0,55783.0,171136.0,297990.0,1544620.0,110152,81781,149583,326396,491505,2342550
2021-09-05,37541.0,38955.0,55867.0,171423.0,298417.0,1546510.0,110152,81781,149583,326396,491505,2342550
2021-09-06,37681.0,39046.0,55965.0,171822.0,298886.0,1548575.0,110152,81781,149583,326396,491505,2342550
2021-09-07,37821.0,39130.0,56077.0,172242.0,299376.0,1550752.0,110152,81781,149583,326396,491505,2342550
2021-09-08,37996.0,39235.0,56168.0,172634.0,299873.0,1553076.0,110152,81781,149583,326396,491505,2342550
2021-09-09,38178.0,39326.0,56287.0,173019.0,300391.0,1555428.0,110152,81781,149583,326396,491505,2342550
2021-09-10,38346.0,39417.0,56413.0,173474.0,300937.0,1557682.0,110152,81781,149583,326396,491505,2342550
2021-09-11,38521.0,39522.0,56553.0,173978.0,301525.0,1560237.0,110152,81781,149583,326396,491505,2342550
2021-09-12,38605.0,39564.0,56637.0,174223.0,301868.0,1561665.0,110152,81781,149583,326396,491505,2342550
2021-09-13,38731.0,39634.0,56735.0,174573.0,302246.0,1563268.0,110152,81781,149583,326396,491505,2342550
2021-09-14,38871.0,39697.0,56840.0,174930.0,302638.0,1564927.0,110152,81781,149583,326396,491505,2342550
2021-09-15,39039.0,39781.0,56938.0,175329.0,303058.0,1566908.0,110152,81781,149583,326396,491505,2342550
2021-09-16,39200.0,39858.0,57036.0,175672.0,303415.0,1568686.0,110152,81781,149583,326396,491505,2342550
2021-09-17,39347.0,39928.0,57141.0,176029.0,303737.0,1570170.0,110152,81781,149583,326396,491505,2342550
2021-09-18,39466.0,40026.0,57246.0,176589.0,304199.0,1572088.0,110152,81781,149583,326396,491505,2342550
2021-09-19,39529.0,40061.0,57302.0,176855.0,304451.0,1573215.0,110152,81781,149583,326396,491505,2342550
2021-09-20,39648.0,40124.0,57400.0,177212.0,304752.0,1574510.0,110152,81781,149583,326396,491505,2342550
2021-09-21,39802.0,40180.0,57491.0,177583.0,305067.0,1575924.0,110152,81781,149583,326396,491505,2342550
2021-09-22,39935.0,40264.0,57603.0,177898.0,305382.0,1577149.0,110152,81781,149583,326396,491505,2342550
2021-09-23,40082.0,40341.0,57736.0,178199.0,305711.0,1578591.0,110152,81781,149583,326396,491505,2342550
2021-09-24,40229.0,40404.0,57869.0,178591.0,305998.0,1579767.0,110152,81781,149583,326396,491505,2342550
2021-09-25,40334.0,40460.0,57960.0,178941.0,306334.0,1581153.0,110152,81781,149583,326396,491505,2342550
2021-09-26,40397.0,40495.0,58016.0,179116.0,306523.0,1581986.0,110152,81781,149583,326396,491505,2342550
2021-09-27,40509.0,40537.0,58135.0,179375.0,306726.0,1582994.0,110152,81781,149583,326396,491505,2342550
2021-09-28,40621.0,40572.0,58247.0,179648.0,306978.0,1584072.0,110152,81781,149583,326396,491505,2342550
2021-09-29,40740.0,40628.0,58359.0,179935.0,307258.0,1585311.0,110152,81781,149583,326396,491505,2342550
2021-09-30,40845.0,40691.0,58499.0,180264.0,307545.0,1586564.0,110152,81781,149583,326396,491505,2342550
2021-10-01,41013.0,40754.0,58723.0,180614.0,307825.0,1587733.0,110152,81781,149583,326396,491505,2342550
2021-10-02,41111.0,40810.0,58835.0,180964.0,308126.0,1588958.0,110152,81781,149583,326396,491505,2342550
2021-10-03,41174.0,40838.0,58940.0,181188.0,308336.0,1589847.0,110152,81781,149583,326396,491505,2342550
2021-10-04,41272.0,40887.0,59024.0,181447.0,308574.0,1590862.0,110152,81781,149583,326396,491505,2342550
2021-10-05,41384.0,40950.0,59108.0,181727.0,308812.0,1591989.0,110152,81781,149583,326396,491505,2342550
2021-10-06,41489.0,41013.0,59374.0,182014.0,309078.0,1593214.0,110152,81781,149583,326396,491505,2342550
2021-10-07,41608.0,41083.0,59577.0,182329.0,309309.0,1594320.0,110152,81781,149583,326396,491505,2342550
2021-10-08,41713.0,41153.0,59724.0,182609.0,309575.0,1595482.0,110152,81781,149583,326396,491505,2342550
2021-10-09,41832.0,41223.0,59899.0,182973.0,309897.0,1596721.0,110152,81781,149583,326396,491505,2342550
2021-10-10,41895.0,41265.0,60004.0,183169.0,310100.0,1597554.0,110152,81781,149583,326396,491505,2342550
2021-10-11,42000.0,41314.0,60102.0,183421.0,310331.0,1598492.0,110152,81781,149583,326396,491505,2342550
2021-10-12,42098.0,41349.0,60228.0,183673.0,310541.0,1599563.0,110152,81781,149583,326396,491505,2342550
2021-10-13,42203.0,41419.0,60438.0,183897.0,310786.0,1600697.0,110152,81781,149583,326396,491505,2342550
2021-10-14,42308.0,41468.0,60613.0,184135.0,311031.0,1601726.0,110152,81781,149583,326396,491505,2342550
2021-10-15,42413.0,41510.0,60760.0,184408.0,311297.0,1602965.0,110152,81781,149583,326396,491505,2342550
2021-10-16,42518.0,41559.0,60865.0,184737.0,311584.0,1604197.0,110152,81781,149583,326396,491505,2342550
2021-10-17,42581.0,41587.0,60928.0,184891.0,311752.0,1604918.0,110152,81781,149583,326396,491505,2342550
2021-10-18,42665.0,41629.0,61019.0,185129.0,311976.0,1605807.0,110152,81781,149583,326396,491505,2342550
2021-10-19,42749.0,41678.0,61124.0,185353.0,312186.0,1606752.0,110152,81781,149583,326396,491505,2342550
2021-10-20,42868.0,41741.0,61327.0,185619.0,312424.0,1607907.0,110152,81781,149583,326396,491505,2342550
2021-10-21,43008.0,41804.0,61558.0,185878.0,312676.0,1608950.0,110152,81781,149583,326396,491505,2342550
2021-10-22,43113.0,41860.0,61747.0,186144.0,312893.0,1609986.0,110152,81781,149583,326396,491505,2342550
2021-10-23,43211.0,41930.0,61873.0,186515.0,313201.0,1611267.0,110152,81781,149583,326396,491505,2342550
2021-10-24,43274.0,41965.0,61915.0,186711.0,313376.0,1612065.0,110152,81781,149583,326396,491505,2342550
2021-10-25,43386.0,42021.0,62027.0,186977.0,313607.0,1613010.0,110152,81781,149583,326396,491505,2342550
2021-10-26,43484.0,42077.0,62160.0,187229.0,313845.0,1613976.0,110152,81781,149583,326396,491505,2342550
2021-10-27,43603.0,42126.0,62286.0,187516.0,314104.0,1615047.0,110152,81781,149583,326396,491505,2342550
2021-10-28,43715.0,42175.0,62412.0,187782.0,314314.0,1615964.0,110152,81781,149583,326396,491505,2342550
2021-10-29,43813.0,42217.0,62559.0,188020.0,314517.0,1616874.0,110152,81781,149583,326396,491505,2342550
2021-10-30,43911.0,42266.0,62699.0,188251.0,314678.0,1617637.0,110152,81781,149583,326396,491505,2342550
2021-10-31,43960.0,42287.0,62741.0,188370.0,314797.0,1618176.0,110152,81781,149583,326396,491505,2342550
2021-11-01,44037.0,42329.0,62860.0,188573.0,314951.0,1618925.0,110152,81781,149583,326396,491505,2342550
2021-11-02,44121.0,42364.0,62986.0,188776.0,315105.0,1619688.0,110152,81781,149583,326396,491505,2342550
2021-11-03,44191.0,42399.0,63112.0,189007.0,315280.0,1620549.0,110152,81781,149583,326396,491505,2342550
2021-11-04,44282.0,42434.0,63210.0,189196.0,315441.0,1621277.0,110152,81781,149583,326396,491505,2342550
2021-11-05,44394.0,42476.0,63336.0,189420.0,315644.0,1622096.0,110152,81781,149583,326396,491505,2342550
2021-11-06,44485.0,42525.0,63448.0,189700.0,315861.0,1623048.0,110152,81781,149583,326396,491505,2342550
2021-11-07,44520.0,42539.0,63483.0,189819.0,315987.0,1623580.0,110152,81781,149583,326396,491505,2342550
2021-11-08,44618.0,42581.0,63567.0,190029.0,316127.0,1624301.0,110152,81781,149583,326396,491505,2342550
2021-11-09,44751.0,42637.0,63651.0,190239.0,316288.0,1625022.0,110152,81781,149583,326396,491505,2342550
2021-11-10,44870.0,42679.0,63770.0,190491.0,316498.0,1625946.0,110152,81781,149583,326396,491505,2342550
2021-11-11,44982.0,42728.0,63875.0,190708.0,316680.0,1626779.0,110152,81781,149583,326396,491505,2342550
2021-11-12,45101.0,42770.0,63994.0,190939.0,316869.0,1627626.0,110152,81781,149583,326396,491505,2342550
2021-11-13,45220.0,42826.0,64120.0,191261.0,317093.0,1628613.0,110152,81781,149583,326396,491505,2342550
2021-11-14,45276.0,42847.0,64162.0,191408.0,317219.0,1629243.0,110152,81781,149583,326396,491505,2342550
2021-11-15,45367.0,42875.0,64225.0,191611.0,317366.0,1629866.0,110152,81781,149583,326396,491505,2342550
2021-11-16,45451.0,42917.0,64302.0,191807.0,317499.0,1630615.0,110152,81781,149583,326396,491505,2342550
2021-11-17,45549.0,42952.0,64407.0,192024.0,317674.0,1631455.0,110152,81781,149583,326396,491505,2342550
2021-11-18,45633.0,42994.0,64519.0,192255.0,317842.0,1632274.0,110152,81781,149583,326396,491505,2342550
2021-11-19,45724.0,43043.0,64638.0,192437.0,317996.0,1633093.0,110152,81781,149583,326396,491505,2342550
2021-11-20,45815.0,43078.0,64722.0,192724.0,318213.0,1634087.0,110152,81781,149583,326396,491505,2342550
2021-11-21,45864.0,43099.0,64764.0,192885.0,318325.0,1634647.0,110152,81781,149583,326396,491505,2342550
2021-11-22,45934.0,43134.0,64834.0,193067.0,318451.0,1635305.0,110152,81781,149583,326396,491505,2342550
2021-11-23,46046.0,43176.0,64932.0,193291.0,318612.0,1636047.0,110152,81781,149583,326396,491505,2342550
2021-11-24,46130.0,43211.0,65023.0,193508.0,318780.0,1636859.0,110152,81781,149583,326396,491505,2342550
2021-11-25,46228.0,43246.0,65107.0,193690.0,318927.0,1637685.0,110152,81781,149583,326396,491505,2342550
2021-11-26,46326.0,43281.0,65191.0,193886.0,319095.0,1638525.0,110152,81781,149583,326396,491505,2342550
2021-11-27,46424.0,43337.0,65289.0,194173.0,319291.0,1639547.0,110152,81781,149583,326396,491505,2342550
2021-11-28,46473.0,43372.0,65345.0,194299.0,319459.0,1640324.0,110152,81781,149583,326396,491505,2342550
2021-11-29,46557.0,43400.0,65443.0,194488.0,319620.0,1641157.0,110152,81781,149583,326396,491505,2342550
2021-11-30,46634.0,43449.0,65548.0,194719.0,319802.0,1642116.0,110152,81781,149583,326396,491505,2342550
2021-12-01,46732.0,43498.0,65688.0,194978.0,320026.0,1643173.0,110152,81781,149583,326396,491505,2342550
2021-12-02,46837.0,43547.0,65793.0,195216.0,320250.0,1644265.0,110152,81781,149583,326396,491505,2342550
2021-12-03,46942.0,43589.0,65947.0,195496.0,320481.0,1645273.0,110152,81781,149583,326396,491505,2342550
2021-12-04,47033.0,43645.0,66101.0,195860.0,320747.0,1646435.0,110152,81781,149583,326396,491505,2342550
2021-12-05,47096.0,43680.0,66164.0,196063.0,320908.0,1647205.0,110152,81781,149583,326396,491505,2342550
2021-12-06,47173.0,43722.0,66262.0,196287.0,321097.0,1648024.0,110152,81781,149583,326396,491505,2342550
2021-12-07,47285.0,43778.0,66374.0,196532.0,321307.0,1648983.0,110152,81781,149583,326396,491505,2342550
2021-12-08,47383.0,43848.0,66507.0,196770.0,321510.0,1650096.0,110152,81781,149583,326396,491505,2342550
2021-12-09,47488.0,43918.0,66640.0,197029.0,321769.0,1651419.0,110152,81781,149583,326396,491505,2342550
2021-12-10,47621.0,43974.0,66815.0,197365.0,322028.0,1652637.0,110152,81781,149583,326396,491505,2342550
2021-12-11,47726.0,44044.0,66948.0,197680.0,322301.0,1653995.0,110152,81781,149583,326396,491505,2342550
2021-12-12,47796.0,44093.0,67046.0,197911.0,322532.0,1655199.0,110152,81781,149583,326396,491505,2342550
2021-12-13,47908.0,44156.0,67158.0,198205.0,322784.0,1656578.0,110152,81781,149583,326396,491505,2342550
2021-12-14,48041.0,44233.0,67312.0,198527.0,323078.0,1658300.0,110152,81781,149583,326396,491505,2342550
2021-12-15,48195.0,44331.0,67599.0,198947.0,323435.0,1660414.0,110152,81781,149583,326396,491505,2342550
2021-12-16,48328.0,44443.0,67879.0,199388.0,323820.0,1663123.0,110152,81781,149583,326396,491505,2342550
2021-12-17,48475.0,44548.0,68159.0,199808.0,324240.0,1665825.0,110152,81781,149583,326396,491505,2342550
2021-12-18,48622.0,44674.0,68516.0,200375.0,324702.0,1668968.0,110152,81781,149583,326396,491505,2342550
2021-12-19,48755.0,44814.0,68761.0,200858.0,325164.0,1672174.0,110152,81781,149583,326396,491505,2342550
2021-12-20,48902.0,44968.0,69090.0,201502.0,325689.0,1675429.0,110152,81781,149583,326396,491505,2342550
2021-12-21,49140.0,45108.0,69447.0,202181.0,326242.0,1679069.0,110152,81781,149583,326396,491505,2342550
2021-12-22,49350.0,45269.0,69804.0,202909.0,326802.0,1682513.0,110152,81781,149583,326396,491505,2342550
2021-12-23,49532.0,45416.0,70091.0,203616.0,327229.0,1685138.0,110152,81781,149583,326396,491505,2342550
2021-12-24,49616.0,45479.0,70231.0,203945.0,327369.0,1685887.0,110152,81781,149583,326396,491505,2342550
2021-12-25,49616.0,45479.0,70245.0,203994.0,327376.0,1685901.0,110152,81781,149583,326396,491505,2342550
2021-12-26,49637.0,45493.0,70259.0,204064.0,327397.0,1686013.0,110152,81781,149583,326396,491505,2342550
2021-12-27,49742.0,45570.0,70406.0,204484.0,327642.0,1687343.0,110152,81781,149583,326396,491505,2342550
2021-12-28,49882.0,45647.0,70595.0,204967.0,327950.0,1689247.0,110152,81781,149583,326396,491505,2342550
2021-12-29,50064.0,45745.0,70826.0,205618.0,328405.0,1691585.0,110152,81781,149583,326396,491505,2342550
2021-12-30,50246.0,45850.0,71057.0,206178.0,328797.0,1693657.0,110152,81781,149583,326396,491505,2342550
2021-12-31,50337.0,45899.0,71155.0,206444.0,328972.0,1694560.0,110152,81781,149583,326396,491505,2342550
2022-01-01,50351.0,45906.0,71169.0,206514.0,329007.0,1694707.0,110152,81781,149583,326396,491505,2342550
2022-01-02,50393.0,45941.0,71239.0,206731.0,329161.0,1695673.0,110152,81781,149583,326396,491505,2342550
2022-01-03,50470.0,46011.0,71344.0,206997.0,329385.0,1696849.0,110152,81781,149583,326396,491505,2342550
2022-01-04,50617.0,46088.0,71491.0,207368.0,329658.0,1698403.0,110152,81781,149583,326396,491505,2342550
2022-01-05,50757.0,46158.0,71673.0,207753.0,329952.0,1700125.0,110152,81781,149583,326396,491505,2342550
2022-01-06,50883.0,46235.0,71820.0,208194.0,330253.0,1701854.0,110152,81781,149583,326396,491505,2342550
2022-01-07,51009.0,46312.0,72002.0,208586.0,330540.0,1703471.0,110152,81781,149583,326396,491505,2342550
2022-01-08,51128.0,46389.0,72135.0,208978.0,330848.0,1705270.0,110152,81781,149583,326396,491505,2342550
2022-01-09,51205.0,46431.0,72233.0,209216.0,331051.0,1706502.0,110152,81781,149583,326396,491505,2342550
2022-01-10,51296.0,46487.0,72338.0,209489.0,331247.0,1707594.0,110152,81781,149583,326396,491505,2342550
2022-01-11,51387.0,46557.0,72485.0,209811.0,331478.0,1708777.0,110152,81781,149583,326396,491505,2342550
2022-01-12,51492.0,46620.0,72611.0,210098.0,331709.0,1709967.0,110152,81781,149583,326396,491505,2342550
2022-01-13,51590.0,46669.0,72744.0,210413.0,331954.0,1711101.0,110152,81781,149583,326396,491505,2342550
2022-01-14,51709.0,46718.0,72891.0,210714.0,332206.0,1712228.0,110152,81781,149583,326396,491505,2342550
2022-01-15,51821.0,46795.0,73045.0,211036.0,332486.0,1713523.0,110152,81781,149583,326396,491505,2342550
2022-01-16,51877.0,46837.0,73122.0,211204.0,332640.0,1714342.0,110152,81781,149583,326396,491505,2342550
2022-01-17,51968.0,46879.0,73227.0,211442.0,332829.0,1715252.0,110152,81781,149583,326396,491505,2342550
2022-01-18,52108.0,46928.0,73360.0,211701.0,333074.0,1716246.0,110152,81781,149583,326396,491505,2342550
2022-01-19,52199.0,46977.0,73486.0,211967.0,333256.0,1717177.0,110152,81781,149583,326396,491505,2342550
2022-01-20,52304.0,47026.0,73584.0,212205.0,333445.0,1718003.0,110152,81781,149583,326396,491505,2342550
2022-01-21,52402.0,47068.0,73710.0,212471.0,333620.0,1718892.0,110152,81781,149583,326396,491505,2342550
2022-01-22,52500.0,47103.0,73822.0,212737.0,333802.0,1719774.0,110152,81781,149583,326396,491505,2342550
2022-01-23,52535.0,47124.0,73885.0,212856.0,333907.0,1720348.0,110152,81781,149583,326396,491505,2342550
2022-01-24,52612.0,47166.0,73997.0,213080.0,334068.0,1721097.0,110152,81781,149583,326396,491505,2342550
2022-01-25,52696.0,47215.0,74102.0,213269.0,334257.0,1721846.0,110152,81781,149583,326396,491505,2342550
2022-01-26,52815.0,47271.0,74228.0,213493.0,334439.0,1722644.0,110152,81781,149583,326396,491505,2342550
2022-01-27,52920.0,47320.0,74319.0,213717.0,334614.0,1723477.0,110152,81781,149583,326396,491505,2342550
2022-01-28,53032.0,47369.0,74459.0,213976.0,334782.0,1724296.0,110152,81781,149583,326396,491505,2342550
2022-01-29,53144.0,47425.0,74543.0,214242.0,334950.0,1725115.0,110152,81781,149583,326396,491505,2342550
2022-01-30,53193.0,47446.0,74599.0,214431.0,335097.0,1725724.0,110152,81781,149583,326396,491505,2342550
2022-01-31,53291.0,47488.0,74662.0,214620.0,335272.0,1726368.0,110152,81781,149583,326396,491505,2342550
2022-02-01,53382.0,47523.0,74711.0,214816.0,335405.0,1727012.0,110152,81781,149583,326396,491505,2342550
2022-02-02,53466.0,47565.0,74788.0,215005.0,335552.0,1727614.0,110152,81781,149583,326396,491505,2342550
2022-02-03,53536.0,47593.0,74851.0,215152.0,335678.0,1728223.0,110152,81781,149583,326396,491505,2342550
2022-02-04,53592.0,47628.0,74928.0,215313.0,335825.0,1728734.0,110152,81781,149583,326396,491505,2342550
2022-02-05,53634.0,47656.0,75019.0,215446.0,335951.0,1729350.0,110152,81781,149583,326396,491505,2342550
2022-02-06,53669.0,47670.0,75047.0,215530.0,336035.0,1729665.0,110152,81781,149583,326396,491505,2342550
2022-02-07,53711.0,47691.0,75124.0,215656.0,336133.0,1730092.0,110152,81781,149583,326396,491505,2342550
2022-02-08,53774.0,47726.0,75208.0,215810.0,336252.0,1730547.0,110152,81781,149583,326396,491505,2342550
2022-02-09,53809.0,47747.0,75306.0,215957.0,336378.0,1731044.0,110152,81781,149583,326396,491505,2342550
2022-02-10,53858.0,47775.0,75355.0,216083.0,336476.0,1731506.0,110152,81781,149583,326396,491505,2342550
2022-02-11,53914.0,47803.0,75439.0,216223.0,336588.0,1731968.0,110152,81781,149583,326396,491505,2342550
2022-02-12,53949.0,47824.0,75523.0,216356.0,336700.0,1732458.0,110152,81781,149583,326396,491505,2342550
2022-02-13,53970.0,47838.0,75544.0,216419.0,336742.0,1732703.0,110152,81781,149583,326396,491505,2342550
2022-02-14,54019.0,47859.0,75586.0,216510.0,336791.0,1733046.0,110152,81781,149583,326396,491505,2342550
2022-02-15,54068.0,47880.0,75628.0,216629.0,336882.0,1733403.0,110152,81781,149583,326396,491505,2342550
2022-02-16,54117.0,47908.0,75698.0,216762.0,336959.0,1733858.0,110152,81781,149583,326396,491505,2342550
2022-02-17,54173.0,47929.0,75761.0,216860.0,337050.0,1734243.0,110152,81781,149583,326396,491505,2342550
2022-02-18,54201.0,47943.0,75789.0,216958.0,337113.0,1734523.0,110152,81781,149583,326396,491505,2342550
2022-02-19,54250.0,47964.0,75859.0,217070.0,337211.0,1734908.0,110152,81781,149583,326396,491505,2342550
2022-02-20,54257.0,47978.0,75887.0,217126.0,337260.0,1735125.0,110152,81781,149583,326396,491505,2342550
2022-02-21,54299.0,47992.0,75957.0,217217.0,337323.0,1735447.0,110152,81781,149583,326396,491505,2342550
2022-02-22,54341.0,48013.0,76006.0,217308.0,337372.0,1735790.0,110152,81781,149583,326396,491505,2342550
2022-02-23,54376.0,48041.0,76104.0,217427.0,337449.0,1736182.0,110152,81781,149583,326396,491505,2342550
2022-02-24,54418.0,48055.0,76153.0,217518.0,337519.0,1736525.0,110152,81781,149583,326396,491505,2342550
2022-02-25,54446.0,48083.0,76209.0,217616.0,337603.0,1736812.0,110152,81781,149583,326396,491505,2342550
2022-02-26,54488.0,48097.0,76258.0,217728.0,337680.0,1737190.0,110152,81781,149583,326396,491505,2342550
2022-02-27,54502.0,48104.0,76286.0,217784.0,337722.0,1737372.0,110152,81781,149583,326396,491505,2342550
2022-02-28,54537.0,48118.0,76321.0,217875.0,337778.0,1737631.0,110152,81781,149583,326396,491505,2342550
2022-03-01,54565.0,48132.0,76356.0,217952.0,337820.0,1737904.0,110152,81781,149583,326396,491505,2342550
2022-03-02,54600.0,48153.0,76412.0,218064.0,337876.0,1738184.0,110152,81781,149583,326396,491505,2342550
2022-03-03,54635.0,48167.0,76447.0,218141.0,337932.0,1738429.0,110152,81781,149583,326396,491505,2342550
2022-03-04,54670.0,48188.0,76489.0,218232.0,337988.0,1738639.0,110152,81781,149583,326396,491505,2342550
2022-03-05,54698.0,48216.0,76531.0,218330.0,338058.0,1738926.0,110152,81781,149583,326396,491505,2342550
2022-03-06,54712.0,48230.0,76545.0,218379.0,338079.0,1739066.0,110152,81781,149583,326396,491505,2342550
2022-03-07,54733.0,48251.0,76566.0,218449.0,338135.0,1739269.0,110152,81781,149583,326396,491505,2342550
2022-03-08,54768.0,48272.0,76601.0,218547.0,338212.0,1739479.0,110152,81781,149583,326396,491505,2342550
2022-03-09,54789.0,48293.0,76643.0,218645.0,338268.0,1739745.0,110152,81781,149583,326396,491505,2342550
2022-03-10,54810.0,48314.0,76699.0,218736.0,338331.0,1740018.0,110152,81781,149583,326396,491505,2342550
2022-03-11,54831.0,48328.0,76748.0,218799.0,338408.0,1740256.0,110152,81781,149583,326396,491505,2342550
2022-03-12,54873.0,48342.0,76790.0,218897.0,338492.0,1740508.0,110152,81781,149583,326396,491505,2342550
2022-03-13,54894.0,48349.0,76811.0,218946.0,338534.0,1740641.0,110152,81781,149583,326396,491505,2342550
2022-03-14,54922.0,48363.0,76846.0,219030.0,338590.0,1740886.0,110152,81781,149583,326396,491505,2342550
2022-03-15,54957.0,48384.0,76874.0,219100.0,338639.0,1741159.0,110152,81781,149583,326396,491505,2342550
2022-03-16,54985.0,48398.0,76923.0,219184.0,338695.0,1741411.0,110152,81781,149583,326396,491505,2342550
2022-03-17,55013.0,48412.0,76958.0,219254.0,338737.0,1741649.0,110152,81781,149583,326396,491505,2342550
2022-03-18,55041.0,48426.0,76986.0,219345.0,338793.0,1741866.0,110152,81781,149583,326396,491505,2342550
2022-03-19,55062.0,48440.0,77035.0,219415.0,338849.0,1742118.0,110152,81781,149583,326396,491505,2342550
2022-03-20,55076.0,48454.0,77056.0,219457.0,338884.0,1742251.0,110152,81781,149583,326396,491505,2342550
2022-03-21,55111.0,48468.0,77091.0,219506.0,338940.0,1742461.0,110152,81781,149583,326396,491505,2342550
2022-03-22,55146.0,48475.0,77119.0,219604.0,338996.0,1742685.0,110152,81781,149583,326396,491505,2342550
2022-03-23,55181.0,48496.0,77168.0,219695.0,339052.0,1742930.0,110152,81781,149583,326396,491505,2342550
2022-03-24,55216.0,48503.0,77203.0,219758.0,339094.0,1743140.0,110152,81781,149583,326396,491505,2342550
2022-03-25,55244.0,48524.0,77245.0,219828.0,339136.0,1743301.0,110152,81781,149583,326396,491505,2342550
2022-03-26,55265.0,48531.0,77273.0,219891.0,339192.0,1743497.0,110152,81781,149583,326396,491505,2342550
2022-03-27,55272.0,48538.0,77287.0,219933.0,339213.0,1743595.0,110152,81781,149583,326396,491505,2342550
2022-03-28,55286.0,48538.0,77315.0,219996.0,339255.0,1743749.0,110152,81781,149583,326396,491505,2342550
2022-03-29,55307.0,48552.0,77350.0,220080.0,339304.0,1743938.0,110152,81781,149583,326396,491505,2342550
2022-03-30,55321.0,48566.0,77385.0,220150.0,339353.0,1744141.0,110152,81781,149583,326396,491505,2342550
2022-03-31,55349.0,48587.0,77420.0,220227.0,339402.0,1744337.0,110152,81781,149583,326396,491505,2342550
2022-04-01,55377.0,48594.0,77455.0,220297.0,339451.0,1744526.0,110152,81781,149583,326396,491505,2342550
2022-04-02,55405.0,48615.0,77476.0,220360.0,339500.0,1744736.0,110152,81781,149583,326396,491505,2342550
2022-04-03,55412.0,48622.0,77490.0,220381.0,339528.0,1744855.0,110152,81781,149583,326396,491505,2342550
2022-04-04,55433.0,48629.0,77532.0,220437.0,339563.0,1745058.0,110152,81781,149583,326396,491505,2342550
2022-04-05,55454.0,48643.0,77560.0,220493.0,339598.0,1745268.0,110152,81781,149583,326396,491505,2342550
2022-04-06,55475.0,48657.0,77595.0,220563.0,339647.0,1745464.0,110152,81781,149583,326396,491505,2342550
2022-04-07,55503.0,48671.0,77623.0,220598.0,339682.0,1745660.0,110152,81781,149583,326396,491505,2342550
2022-04-08,55524.0,48685.0,77672.0,220668.0,339724.0,1745870.0,110152,81781,149583,326396,491505,2342550
2022-04-09,55559.0,48692.0,77693.0,220724.0,339773.0,1746108.0,110152,81781,149583,326396,491505,2342550
2022-04-10,55573.0,48699.0,77714.0,220752.0,339801.0,1746241.0,110152,81781,149583,326396,491505,2342550
2022-04-11,55594.0,48713.0,77735.0,220822.0,339850.0,1746458.0,110152,81781,149583,326396,491505,2342550
2022-04-12,55622.0,48720.0,77784.0,220864.0,339892.0,1746661.0,110152,81781,149583,326396,491505,2342550
2022-04-13,55643.0,48741.0,77812.0,220920.0,339927.0,1746892.0,110152,81781,149583,326396,491505,2342550
2022-04-14,55671.0,48762.0,77833.0,220962.0,339990.0,1747095.0,110152,81781,149583,326396,491505,2342550
2022-04-15,55685.0,48769.0,77847.0,220983.0,340004.0,1747179.0,110152,81781,149583,326396,491505,2342550
2022-04-16,55699.0,48783.0,77868.0,221025.0,340053.0,1747333.0,110152,81781,149583,326396,491505,2342550
2022-04-17,55699.0,48783.0,77875.0,221046.0,340060.0,1747368.0,110152,81781,149583,326396,491505,2342550
2022-04-18,55699.0,48790.0,77882.0,221060.0,340067.0,1747438.0,110152,81781,149583,326396,491505,2342550
2022-04-19,55720.0,48797.0,77917.0,221116.0,340109.0,1747662.0,110152,81781,149583,326396,491505,2342550
2022-04-20,55734.0,48818.0,77945.0,221179.0,340151.0,1747837.0,110152,81781,149583,326396,491505,2342550
2022-04-21,55755.0,48832.0,77973.0,221228.0,340207.0,1748047.0,110152,81781,149583,326396,491505,2342550
2022-04-22,55783.0,48839.0,77994.0,221284.0,340242.0,1748243.0,110152,81781,149583,326396,491505,2342550
2022-04-23,55804.0,48846.0,78008.0,221326.0,340277.0,1748439.0,110152,81781,149583,326396,491505,2342550
2022-04-24,55811.0,48853.0,78022.0,221354.0,340298.0,1748537.0,110152,81781,149583,326396,491505,2342550
2022-04-25,55832.0,48867.0,78043.0,221396.0,340333.0,1748705.0,110152,81781,149583,326396,491505,2342550
2022-04-26,55853.0,48874.0,78064.0,221445.0,340361.0,1748873.0,110152,81781,149583,326396,491505,2342550
2022-04-27,55874.0,48888.0,78092.0,221494.0,340396.0,1749090.0,110152,81781,149583,326396,491505,2342550
2022-04-28,55895.0,48895.0,78106.0,221522.0,340431.0,1749279.0,110152,81781,149583,326396,491505,2342550
2022-04-29,55916.0,48902.0,78134.0,221564.0,340473.0,1749475.0,110152,81781,149583,326396,491505,2342550
2022-04-30,55937.0,48909.0,78148.0,221599.0,340508.0,1749636.0,110152,81781,149583,326396,491505,2342550
2022-05-01,55944.0,48923.0,78155.0,221613.0,340529.0,1749734.0,110152,81781,149583,326396,491505,2342550
2022-05-02,55944.0,48923.0,78162.0,221613.0,340529.0,1749776.0,110152,81781,149583,326396,491505,2342550
2022-05-03,55972.0,48930.0,78176.0,221690.0,340564.0,1749937.0,110152,81781,149583,326396,491505,2342550
2022-05-04,55986.0,48937.0,78197.0,221739.0,340606.0,1750133.0,110152,81781,149583,326396,491505,2342550
2022-05-05,56007.0,48951.0,78239.0,221781.0,340669.0,1750301.0,110152,81781,149583,326396,491505,2342550
2022-05-06,56021.0,48972.0,78267.0,221837.0,340718.0,1750490.0,110152,81781,149583,326396,491505,2342550
2022-05-07,56042.0,48979.0,78281.0,221900.0,340767.0,1750700.0,110152,81781,149583,326396,491505,2342550
2022-05-08,56049.0,48986.0,78288.0,221928.0,340781.0,1750777.0,110152,81781,149583,326396,491505,2342550
2022-05-09,56070.0,48993.0,78302.0,221984.0,340823.0,1750903.0,110152,81781,149583,326396,491505,2342550
2022-05-10,56091.0,49000.0,78323.0,222040.0,340865.0,1751064.0,110152,81781,149583,326396,491505,2342550
2022-05-11,56105.0,49007.0,78330.0,222096.0,340900.0,1751218.0,110152,81781,149583,326396,491505,2342550
2022-05-12,56126.0,49021.0,78351.0,222131.0,340935.0,1751379.0,110152,81781,149583,326396,491505,2342550
2022-05-13,56147.0,49035.0,78372.0,222180.0,340963.0,1751526.0,110152,81781,149583,326396,491505,2342550
2022-05-14,56168.0,49049.0,78386.0,222257.0,341005.0,1751694.0,110152,81781,149583,326396,491505,2342550
2022-05-15,56175.0,49056.0,78400.0,222271.0,341019.0,1751785.0,110152,81781,149583,326396,491505,2342550
2022-05-16,56189.0,49063.0,78421.0,222313.0,341047.0,1751918.0,110152,81781,149583,326396,491505,2342550
2022-05-17,56210.0,49070.0,78442.0,222369.0,341082.0,1752051.0,110152,81781,149583,326396,491505,2342550
2022-05-18,56231.0,49084.0,78456.0,222411.0,341117.0,1752191.0,110152,81781,149583,326396,491505,2342550
2022-05-19,56245.0,49098.0,78477.0,222446.0,341159.0,1752331.0,110152,81781,149583,326396,491505,2342550
2022-05-20,56273.0,49105.0,78498.0,222516.0,341187.0,1752471.0,110152,81781,149583,326396,491505,2342550
2022-05-21,56294.0,49112.0,78519.0,222572.0,341215.0,1752618.0,110152,81781,149583,326396,491505,2342550
2022-05-22,56294.0,49112.0,78519.0,222593.0,341229.0,1752688.0,110152,81781,149583,326396,491505,2342550
2022-05-23,56301.0,49119.0,78540.0,222628.0,341264.0,1752814.0,110152,81781,149583,326396,491505,2342550
2022-05-24,56322.0,49126.0,78561.0,222684.0,341292.0,1752940.0,110152,81781,149583,326396,491505,2342550
2022-05-25,56336.0,49133.0,78582.0,222719.0,341327.0,1753052.0,110152,81781,149583,326396,491505,2342550
2022-05-26,56357.0,49140.0,78603.0,222747.0,341348.0,1753164.0,110152,81781,149583,326396,491505,2342550
2022-05-27,56371.0,49154.0,78624.0,222782.0,341369.0,1753255.0,110152,81781,149583,326396,491505,2342550
2022-05-28,56385.0,49161.0,78638.0,222824.0,341390.0,1753374.0,110152,81781,149583,326396,491505,2342550
2022-05-29,56385.0,49168.0,78645.0,222845.0,341397.0,1753437.0,110152,81781,149583,326396,491505,2342550
2022-05-30,56392.0,49175.0,78666.0,222880.0,341432.0,1753535.0,110152,81781,149583,326396,491505,2342550
2022-05-31,56413.0,49182.0,78687.0,222915.0,341460.0,1753640.0,110152,81781,149583,326396,491505,2342550
2022-06-01,56427.0,49189.0,78708.0,222964.0,341488.0,1753731.0,110152,81781,149583,326396,491505,2342550
2022-06-02,56427.0,49189.0,78715.0,222971.0,341488.0,1753759.0,110152,81781,149583,326396,491505,2342550
2022-06-03,56434.0,49189.0,78715.0,222978.0,341495.0,1753766.0,110152,81781,149583,326396,491505,2342550
2022-06-04,56448.0,49196.0,78729.0,223013.0,341509.0,1753822.0,110152,81781,149583,326396,491505,2342550
2022-06-05,56448.0,49196.0,78736.0,223027.0,341509.0,1753857.0,110152,81781,149583,326396,491505,2342550
2022-06-06,56462.0,49210.0,78750.0,223055.0,341530.0,1753948.0,110152,81781,149583,326396,491505,2342550
2022-06-07,56469.0,49217.0,78764.0,223076.0,341551.0,1754032.0,110152,81781,149583,326396,491505,2342550
2022-06-08,56483.0,49217.0,78785.0,223118.0,341572.0,1754130.0,110152,81781,149583,326396,491505,2342550
2022-06-09,56490.0,49224.0,78799.0,223160.0,341593.0,1754214.0,110152,81781,149583,326396,491505,2342550
2022-06-10,56504.0,49231.0,78820.0,223195.0,341614.0,1754284.0,110152,81781,149583,326396,491505,2342550
2022-06-11,56518.0,49238.0,78827.0,223216.0,341642.0,1754403.0,110152,81781,149583,326396,491505,2342550
2022-06-12,56518.0,49238.0,78834.0,223244.0,341649.0,1754445.0,110152,81781,149583,326396,491505,2342550
2022-06-13,56525.0,49245.0,78855.0,223265.0,341663.0,1754522.0,110152,81781,149583,326396,491505,2342550
2022-06-14,56532.0,49252.0,78862.0,223300.0,341677.0,1754606.0,110152,81781,149583,326396,491505,2342550
2022-06-15,56546.0,49259.0,78876.0,223328.0,341691.0,1754690.0,110152,81781,149583,326396,491505,2342550
2022-06-16,56560.0,49266.0,78883.0,223363.0,341705.0,1754760.0,110152,81781,149583,326396,491505,2342550
2022-06-17,56567.0,49273.0,78897.0,223391.0,341733.0,1754823.0,110152,81781,149583,326396,491505,2342550
2022-06-18,56574.0,49280.0,78911.0,223426.0,341754.0,1754921.0,110152,81781,149583,326396,491505,2342550
2022-06-19,56574.0,49280.0,78918.0,223447.0,341754.0,1754963.0,110152,81781,149583,326396,491505,2342550
2022-06-20,56581.0,49287.0,78932.0,223475.0,341775.0,1755019.0,110152,81781,149583,326396,491505,2342550
2022-06-21,56588.0,49301.0,78946.0,223503.0,341796.0,1755082.0,110152,81781,149583,326396,491505,2342550
2022-06-22,56595.0,49301.0,78953.0,223524.0,341810.0,1755159.0,110152,81781,149583,326396,491505,2342550
